[gd_scene load_steps=20 format=3 uid="uid://brn6dnda3o2q2"]

[ext_resource type="PackedScene" uid="uid://bimcuu664i7f8" path="res://scenes/tree.tscn" id="1_skvht"]
[ext_resource type="Material" uid="uid://den8wsgx78v86" path="res://scenery/wall_material.tres" id="2_hne82"]
[ext_resource type="PackedScene" uid="uid://dr80rdqxe1n7i" path="res://scenes/timmy.tscn" id="5_7r1kg"]

[sub_resource type="BoxMesh" id="BoxMesh_dlkx3"]
size = Vector3(100, 1, 50)

[sub_resource type="StandardMaterial3D" id="StandardMaterial3D_skvht"]
albedo_color = Color(0.690196, 0.662745, 0.647059, 0.494118)

[sub_resource type="ConvexPolygonShape3D" id="ConvexPolygonShape3D_hne82"]
points = PackedVector3Array(-50, -0.5, -25, -50, 0.5, -25, 50, -0.5, -25, -50, -0.5, 25, -50, 0.5, 25, 50, 0.5, -25, 50, -0.5, 25, 50, 0.5, 25)

[sub_resource type="BoxMesh" id="BoxMesh_pyvco"]
material = ExtResource("2_hne82")
size = Vector3(1, 10, 60)

[sub_resource type="BoxMesh" id="BoxMesh_ku5i6"]
size = Vector3(1, 10, 10)

[sub_resource type="BoxMesh" id="BoxMesh_n6vtj"]
size = Vector3(10, 0.5, 0.5)

[sub_resource type="BoxMesh" id="BoxMesh_nnj4j"]
size = Vector3(6, 0.5, 1)

[sub_resource type="BoxShape3D" id="BoxShape3D_0b51g"]
size = Vector3(6, 0.5, 1)

[sub_resource type="PrismMesh" id="PrismMesh_8lkp2"]
left_to_right = 1.0
size = Vector3(2, 1, 1)

[sub_resource type="ConvexPolygonShape3D" id="ConvexPolygonShape3D_8lkp2"]
points = PackedVector3Array(1, 0.5, 0.5, 1, 0.5, -0.5, -1, -0.5, 0.5, 1, -0.5, 0.5, 1, -0.5, -0.5, -1, -0.5, -0.5)

[sub_resource type="BoxMesh" id="BoxMesh_udpx5"]
size = Vector3(2, 2, 2)

[sub_resource type="ConvexPolygonShape3D" id="ConvexPolygonShape3D_udpx5"]
points = PackedVector3Array(1, 1, 1, 1, 1, -1, -1, 1, 1, 1, -1, 1, 1, -1, -1, -1, 1, -1, -1, -1, 1, -1, -1, -1)

[sub_resource type="Sky" id="Sky_hne82"]

[sub_resource type="Environment" id="Environment_n6vtj"]
background_mode = 2
sky = SubResource("Sky_hne82")
ambient_light_source = 2
ambient_light_color = Color(0.60933, 0.60933, 0.60933, 1)
fog_enabled = true
fog_mode = 1
fog_light_color = Color(0.498608, 0.518613, 0.514609, 1)
fog_density = 1.0
fog_depth_begin = 1.0
fog_depth_end = 30.0

[sub_resource type="BoxMesh" id="BoxMesh_0b51g"]
size = Vector3(5, 0.5, 1)

[sub_resource type="ConvexPolygonShape3D" id="ConvexPolygonShape3D_n6vtj"]
points = PackedVector3Array(-2.5, -0.25, -0.5, -2.5, 0.25, -0.5, 2.5, -0.25, -0.5, -2.5, -0.25, 0.5, -2.5, 0.25, 0.5, 2.5, 0.25, -0.5, 2.5, -0.25, 0.5, 2.5, 0.25, 0.5)

[node name="Outside" type="Node3D"]

[node name="Floor" type="StaticBody3D" parent="." groups=["Floor"]]
collision_mask = 2

[node name="MeshInstance3D" type="MeshInstance3D" parent="Floor" groups=["Obstacle"]]
transform = Transform3D(1, 0, 0, 0, 1, 0, 0, 0, 1, -36.9688, 0, 13.8038)
mesh = SubResource("BoxMesh_dlkx3")
surface_material_override/0 = SubResource("StandardMaterial3D_skvht")

[node name="CollisionShape3D" type="CollisionShape3D" parent="Floor"]
transform = Transform3D(1, 0, 0, 0, 1, 0, 0, 0, 1, -36.9688, 0, 13.8038)
shape = SubResource("ConvexPolygonShape3D_hne82")

[node name="Surroundings" type="Node3D" parent="." groups=["Obstascles"]]

[node name="Tree" parent="Surroundings" instance=ExtResource("1_skvht")]
transform = Transform3D(1, 0, 0, 0, 1, 0, 0, 0, 1, -77.0363, 2.31164, 8.05784)

[node name="Tree2" parent="Surroundings" instance=ExtResource("1_skvht")]
transform = Transform3D(1, 0, 0, 0, 1, 0, 0, 0, 1, -69.2956, 2.31164, 8.14192)

[node name="Tree4" parent="Surroundings" instance=ExtResource("1_skvht")]
transform = Transform3D(1, 0, 0, 0, 1, 0, 0, 0, 1, -46.2091, 2.31164, 8.88594)

[node name="Tree5" parent="Surroundings" instance=ExtResource("1_skvht")]
transform = Transform3D(1, 0, 0, 0, 1, 0, 0, 0, 1, -32.0468, 2.31164, 8.97776)

[node name="Tree3" parent="Surroundings" instance=ExtResource("1_skvht")]
transform = Transform3D(1, 0, 0, 0, 1, 0, 0, 0, 1, -59.004, 2.32359, 8.88616)

[node name="MeshInstance3D" type="MeshInstance3D" parent="Surroundings"]
transform = Transform3D(1, 0, 0, 0, 1, 0, 0, 0, 1, -24.7965, 5.10406, -10.5577)
mesh = SubResource("BoxMesh_pyvco")
skeleton = NodePath("")

[node name="MeshInstance3D2" type="MeshInstance3D" parent="Surroundings"]
transform = Transform3D(1, 0, 0, 0, 1, 0, 0, 0, 1, -24.8285, 5.33824, 28.7783)
mesh = SubResource("BoxMesh_ku5i6")
surface_material_override/0 = ExtResource("2_hne82")

[node name="MeshInstance3D3" type="MeshInstance3D" parent="Surroundings"]
transform = Transform3D(1, 0, 0, 0, 1, 0, 0, 0, 1, -75.7928, 0.71264, 15.2775)
mesh = SubResource("BoxMesh_n6vtj")
skeleton = NodePath("")

[node name="MeshInstance3D6" type="MeshInstance3D" parent="Surroundings"]
transform = Transform3D(1, 0, 0, 0, 1, 0, 0, 0, 1, -19.7488, 0.71264, 29.487)
mesh = SubResource("BoxMesh_n6vtj")
skeleton = NodePath("")

[node name="MeshInstance3D7" type="MeshInstance3D" parent="Surroundings"]
transform = Transform3D(0.654358, 0, 0.756185, 0, 1, 0, -0.756185, 0, 0.654358, -6.29346, 0.71264, 25.3341)
mesh = SubResource("BoxMesh_n6vtj")
skeleton = NodePath("")

[node name="MeshInstance3D5" type="MeshInstance3D" parent="Surroundings"]
transform = Transform3D(0.961717, 0, -0.274043, 0, 1, 0, 0.274043, 0, 0.961717, -40.3001, 0.71264, 23.0669)
mesh = SubResource("BoxMesh_n6vtj")
skeleton = NodePath("")

[node name="MeshInstance3D4" type="MeshInstance3D" parent="Surroundings/MeshInstance3D5"]
transform = Transform3D(0.988723, 0, 0.14976, 0, 1, 0, -0.14976, 0, 0.988723, -19.4653, 0, 0.528454)
mesh = SubResource("BoxMesh_n6vtj")
skeleton = NodePath("")

[node name="obstacle" type="Area3D" parent="Surroundings" groups=["Obstacle", "Obstascles"]]
transform = Transform3D(0.979003, 0, -0.203847, 0, 1, 0, 0.203847, 0, 0.979003, -69.3931, 0.75, 13.7186)
visible = false
collision_layer = 2
collision_mask = 3

[node name="MeshInstance3D" type="MeshInstance3D" parent="Surroundings/obstacle" groups=["Obstascles"]]
layers = 2
mesh = SubResource("BoxMesh_nnj4j")

[node name="CollisionShape3D" type="CollisionShape3D" parent="Surroundings/obstacle" groups=["Obstascles"]]
shape = SubResource("BoxShape3D_0b51g")

[node name="StaticBody3D" type="StaticBody3D" parent="Surroundings"]
transform = Transform3D(1, 0, 0, 0, 1, 0, 0, 0, 1, -42.3952, 1, 20.4447)

[node name="MeshInstance3D" type="MeshInstance3D" parent="Surroundings/StaticBody3D"]
mesh = SubResource("PrismMesh_8lkp2")

[node name="CollisionShape3D" type="CollisionShape3D" parent="Surroundings/StaticBody3D"]
shape = SubResource("ConvexPolygonShape3D_8lkp2")

[node name="StaticBody3D2" type="StaticBody3D" parent="Surroundings"]
transform = Transform3D(1, 0, 0, 0, 1, 0, 0, 0, 1, -39.5563, 0.745234, 20.8882)

[node name="MeshInstance3D" type="MeshInstance3D" parent="Surroundings/StaticBody3D2"]
transform = Transform3D(0.943899, 0, -0.330234, 0, 1, 0, 0.330234, 0, 0.943899, 2.81956, 0, 0)
mesh = SubResource("BoxMesh_udpx5")

[node name="CollisionShape3D" type="CollisionShape3D" parent="Surroundings/StaticBody3D2"]
transform = Transform3D(0.943899, 0, -0.330234, 0, 1, 0, 0.330234, 0, 0.943899, 2.81956, 0, 0)
shape = SubResource("ConvexPolygonShape3D_udpx5")

[node name="WorldEnvironment" type="WorldEnvironment" parent="."]
environment = SubResource("Environment_n6vtj")

[node name="DirectionalLight3D" type="DirectionalLight3D" parent="."]
transform = Transform3D(-0.5, 0.612372, -0.612372, 0, 0.707107, 0.707107, 0.866025, 0.353553, -0.353553, -80.361, 37.4932, 5.17835)
light_color = Color(0.995413, 1, 0.858902, 1)
shadow_enabled = true
sky_mode = 1

[node name="Obstacle1" type="StaticBody3D" parent="." groups=["Obstacle"]]
transform = Transform3D(0.958656, 0, -0.284568, 0, 1, 0, 0.284568, 0, 0.958656, -70.1658, 0.75, 11.7269)
collision_mask = 3

[node name="MeshInstance3D" type="MeshInstance3D" parent="Obstacle1" groups=["Obstacle"]]
mesh = SubResource("BoxMesh_0b51g")

[node name="CollisionShape3D" type="CollisionShape3D" parent="Obstacle1" groups=["Obstacle"]]
transform = Transform3D(0.997965, 0, -0.0637659, 0, 1, 0, 0.0637659, 0, 0.997965, -0.184422, 0, -0.621284)
shape = SubResource("ConvexPolygonShape3D_n6vtj")

[node name="Timmy" parent="." instance=ExtResource("5_7r1kg")]
transform = Transform3D(1, 0, 0, 0, 1, 0, 0, 0, 1, -78.2761, 0.505089, 11.5924)

[node name="SpringArm3D" type="SpringArm3D" parent="Timmy"]
transform = Transform3D(1, 0, 0, 0, 1, 0, 0, 0, 1, 0, 3.78966, 4.10897)
spring_length = 4.0

[node name="Camera3D" type="Camera3D" parent="Timmy/SpringArm3D"]
transform = Transform3D(1, 0, 0, 0, 0.866025, 0.5, 0, -0.5, 0.866025, 0, 0, 0)
